0 0 0
0 0.625 0
0 1.25 0
0 1.875 0
0 2.5 0
0 3.125 0
0 3.75 0
0 4.375 0
0 5 0
0 0 0.25
0 0.625 0.25
0 1.25 0.25
0 1.875 0.25
0 2.5 0.25
0 3.125 0.25
0 3.75 0.25
0 4.375 0.25
0 5 0.25
0 0 0.5
0 0.625 0.5
0 1.25 0.5
0 1.875 0.5
0 2.5 0.5
0 3.125 0.5
0 3.75 0.5
0 4.375 0.5
0 5 0.5
0 0 0.75
0 0.625 0.75
0 1.25 0.75
0 1.875 0.75
0 2.5 0.75
0 3.125 0.75
0 3.75 0.75
0 4.375 0.75
0 5 0.75
0 0 1
0 0.625 1
0 1.25 1
0 1.875 1
0 2.5 1
0 3.125 1
0 3.75 1
0 4.375 1
0 5 1
0 0 1.25
0 0.625 1.25
0 1.25 1.25
0 1.875 1.25
0 2.5 1.25
0 3.125 1.25
0 3.75 1.25
0 4.375 1.25
0 5 1.25
0 0 1.5
0 0.625 1.5
0 1.25 1.5
0 1.875 1.5
0 2.5 1.5
0 3.125 1.5
0 3.75 1.5
0 4.375 1.5
0 5 1.5
0 0 1.75
0 0.625 1.75
0 1.25 1.75
0 1.875 1.75
0 2.5 1.75
0 3.125 1.75
0 3.75 1.75
0 4.375 1.75
0 5 1.75
0 0 2
0 0.625 2
0 1.25 2
0 1.875 2
0 2.5 2
0 3.125 2
0 3.75 2
0 4.375 2
0 5 2
0 0 2.25
0 0.625 2.25
0 1.25 2.25
0 1.875 2.25
0 2.5 2.25
0 3.125 2.25
0 3.75 2.25
0 4.375 2.25
0 5 2.25
0 0 2.5
0 0.625 2.5
0 1.25 2.5
0 1.875 2.5
0 2.5 2.5
0 3.125 2.5
0 3.75 2.5
0 4.375 2.5
0 5 2.5
0 0 2.75
0 0.625 2.75
0 1.25 2.75
0 1.875 2.75
0 2.5 2.75
0 3.125 2.75
0 3.75 2.75
0 4.375 2.75
0 5 2.75
0 0 3
0 0.625 3
0 1.25 3
0 1.875 3
0 2.5 3
0 3.125 3
0 3.75 3
0 4.375 3
0 5 3
1 1 2 11 
1 1 10 11 
1 2 3 12 
1 2 11 12 
1 3 4 12 
1 4 12 13 
1 4 5 13 
1 5 13 14 
1 5 6 15 
1 5 14 15 
1 6 7 15 
1 7 15 16 
1 7 8 16 
1 8 16 17 
1 8 9 17 
1 9 17 18 
1 10 11 19 
1 11 19 20 
1 11 12 20 
1 12 20 21 
1 12 13 22 
1 12 21 22 
1 13 14 23 
1 13 22 23 
1 14 15 24 
1 14 23 24 
1 15 16 25 
1 15 24 25 
1 16 17 26 
1 16 25 26 
1 17 18 27 
1 17 26 27 
1 19 20 29 
1 19 28 29 
1 20 21 29 
1 21 29 30 
1 21 22 31 
1 21 30 31 
1 22 23 31 
1 23 31 32 
1 23 24 33 
1 23 32 33 
1 24 25 33 
1 25 33 34 
1 25 26 34 
1 26 34 35 
1 26 27 36 
1 26 35 36 
1 28 29 37 
1 29 37 38 
1 29 30 38 
1 30 38 39 
1 30 31 40 
1 30 39 40 
1 31 32 40 
1 32 40 41 
1 32 33 41 
1 33 41 42 
1 33 34 43 
1 33 42 43 
1 34 35 44 
1 34 43 44 
1 35 36 44 
1 36 44 45 
1 37 38 47 
1 37 46 47 
1 38 39 47 
1 39 47 48 
1 39 40 49 
1 39 48 49 
1 40 41 49 
1 41 49 50 
1 41 42 51 
1 41 50 51 
1 42 43 52 
1 42 51 52 
1 43 44 53 
1 43 52 53 
1 44 45 53 
1 45 53 54 
1 46 47 56 
1 46 55 56 
1 47 48 57 
1 47 56 57 
1 48 49 57 
1 49 57 58 
1 49 50 59 
1 49 58 59 
1 50 51 60 
1 50 59 60 
1 51 52 60 
1 52 60 61 
1 52 53 62 
1 52 61 62 
1 53 54 63 
1 53 62 63 
1 55 56 65 
1 55 64 65 
1 56 57 65 
1 57 65 66 
1 57 58 67 
1 57 66 67 
1 58 59 67 
1 59 67 68 
1 59 60 68 
1 60 68 69 
1 60 61 70 
1 60 69 70 
1 61 62 71 
1 61 70 71 
1 62 63 72 
1 62 71 72 
1 64 65 74 
1 64 73 74 
1 65 66 75 
1 65 74 75 
1 66 67 76 
1 66 75 76 
1 67 68 76 
1 68 76 77 
1 68 69 77 
1 69 77 78 
1 69 70 79 
1 69 78 79 
1 70 71 79 
1 71 79 80 
1 71 72 80 
1 72 80 81 
1 73 74 82 
1 74 82 83 
1 74 75 83 
1 75 83 84 
1 75 76 84 
1 76 84 85 
1 76 77 85 
1 77 85 86 
1 77 78 86 
1 78 86 87 
1 78 79 87 
1 79 87 88 
1 79 80 88 
1 80 88 89 
1 80 81 90 
1 80 89 90 
1 82 83 91 
1 83 91 92 
1 83 84 93 
1 83 92 93 
1 84 85 93 
1 85 93 94 
1 85 86 94 
1 86 94 95 
1 86 87 95 
1 87 95 96 
1 87 88 97 
1 87 96 97 
1 88 89 98 
1 88 97 98 
1 89 90 98 
1 90 98 99 
1 91 92 101 
1 91 100 101 
1 92 93 102 
1 92 101 102 
1 93 94 102 
1 94 102 103 
1 94 95 103 
1 95 103 104 
1 95 96 104 
1 96 104 105 
1 96 97 105 
1 97 105 106 
1 97 98 106 
1 98 106 107 
1 98 99 107 
1 99 107 108 
1 100 101 110 
1 100 109 110 
1 101 102 110 
1 102 110 111 
1 102 103 111 
1 103 111 112 
1 103 104 113 
1 103 112 113 
1 104 105 113 
1 105 113 114 
1 105 106 115 
1 105 114 115 
1 106 107 116 
1 106 115 116 
1 107 108 116 
1 108 116 117 
