0 0 0
0 0.375 0
0 0.0970571 0.362222
0 0.75 0
0 0.595015 0.456571
0 0.194114 0.724444
0 1.125 0
0 1.0196 0.475446
0 0.723136 0.8618
0 0.291171 1.08667
0 1.5 0
0 1.4204 0.482159
0 1.19003 0.913142
0 0.833355 1.2472
0 0.388229 1.44889
0 1.875 0
0 1.81111 0.485286
0 1.6238 0.9375
0 1.32583 1.32583
0 0.9375 1.6238
0 0.485286 1.81111
0 2.25 0
0 2.19667 0.486989
0 2.03919 0.950891
0 1.78505 1.36971
0 1.44627 1.7236
0 1.03893 1.99577
0 0.582343 2.17333
0 2.625 0
0 2.57924 0.488018
0 2.44354 0.95902
0 2.22265 1.39658
0 1.92426 1.78545
0 1.55878 2.11207
0 1.13894 2.36504
0 0.6794 2.53556
0 3 0
0 2.95993 0.488686
0 2.84079 0.964318
0 2.64576 1.41419
0 2.38006 1.82628
0 2.05078 2.18959
0 1.66671 2.49441
0 1.23812 2.73259
0 0.776457 2.89778
0 3.375 0
0 3.33937 0.489145
0 3.23321 0.967961
0 3.05879 1.42634
0 2.81977 1.85459
0 2.52121 2.24369
0 2.16941 2.5854
0 1.7718 2.87252
0 1.33677 3.09898
0 0.873514 3.26
0 3.75 0
0 3.71792 0.489473
0 3.62222 0.970571
0 3.46455 1.43506
0 3.2476 1.875
0 2.97508 2.28286
0 2.65165 2.65165
0 2.28286 2.97508
0 1.875 3.2476
0 1.43506 3.46455
0 0.970571 3.62222
0 4.125 0
0 4.09583 0.489716
0 4.00872 0.972506
0 3.86492 1.44154
0 3.66645 1.89018
0 3.41612 2.31209
0 3.11747 2.7013
0 2.77472 3.0523
0 2.39273 3.36013
0 1.9769 3.62043
0 1.53311 3.82952
0 1.06763 3.98444
0 4.5 0
0 4.47325 0.489901
0 4.39333 0.973978
0 4.26119 1.44648
0 4.07839 1.90178
0 3.8471 2.33448
0 3.57009 2.73943
0 3.25064 3.11181
0 2.89254 3.4472
0 2.50007 3.74161
0 2.07787 3.99155
0 1.63097 4.19404
0 1.16469 4.34667
0 4.875 0
0 4.85031 0.490045
0 4.77648 0.975125
0 4.65426 1.45033
0 4.4849 1.91084
0 4.2701 2.35199
0 4.01205 2.76932
0 3.71335 3.15859
0 3.37703 3.51586
0 3.0065 3.83752
0 2.60552 4.1203
0 2.17814 4.36134
0 1.7287 4.5582
0 1.26174 4.70889
0 5.25 0
0 5.22707 0.490159
0 5.15847 0.976036
0 5.04482 1.45339
0 4.88709 1.91804
0 4.68667 2.36594
0 4.4453 2.79317
0 4.16511 3.196
0 3.84852 3.57091
0 3.49832 3.91462
0 3.11756 4.22414
0 2.70956 4.49675
0 2.27789 4.73009
0 1.82632 4.9221
0 1.3588 5.07111
0 5.625 0
0 5.6036 0.490251
0 5.53954 0.976771
0 5.43333 1.45586
0 5.28577 1.92386
0 5.09798 2.37723
0 4.87139 2.8125
0 4.60773 3.22637
0 4.309 3.61568
0 3.97748 3.97748
0 3.61568 4.309
0 3.22637 4.60773
0 2.8125 4.87139
0 2.37723 5.09798
0 1.92386 5.28577
0 1.45586 5.43333
0 6 0
0 5.97993 0.490326
0 5.91986 0.977373
0 5.82019 1.45788
0 5.68158 1.92864
0 5.50497 2.38649
0 5.29153 2.82838
0 5.04269 3.25135
0 4.76012 3.65257
0 4.44571 4.02935
0 4.10155 4.37918
0 3.72996 4.69972
0 3.33342 4.98882
0 2.91458 5.24454
0 2.47624 5.46518
0 2.02134 5.64926
0 1.55291 5.79555
0 0 0
0 0.0970571 0.362222
0 -0.32476 0.1875
0 0.194114 0.724444
0 -0.287013 0.69291
0 -0.649519 0.375
0 0.291171 1.08667
0 -0.195354 1.10791
0 -0.645273 0.921546
0 -0.974279 0.5625
0 0.388229 1.44889
0 -0.0981047 1.49679
0 -0.574025 1.38582
0 -0.989019 1.12776
0 -1.29904 0.75
0 0.485286 1.81111
0 -4.66294e-15 1.875
0 -0.485286 1.81111
0 -0.9375 1.6238
0 -1.32583 1.32583
0 -1.6238 0.9375
0 0.582343 2.17333
0 0.0981436 2.24786
0 -0.390708 2.21582
0 -0.861038 2.07873
0 -1.29055 1.84309
0 -1.65887 1.52008
0 -1.94856 1.125
0 0.6794 2.53556
0 0.196166 2.61766
0 -0.293907 2.60849
0 -0.773732 2.50838
0 -1.22658 2.3208
0 -1.63666 2.05231
0 -1.98968 1.71225
0 -2.27332 1.3125
0 0.776457 2.89778
0 0.294051 2.98555
0 -0.196209 2.99358
0 -0.681229 2.92163
0 -1.14805 2.77164
0 -1.5842 2.54761
0 -1.97804 2.25552
0 -2.31903 1.90318
0 -2.59808 1.5
0 0.873514 3.26
0 0.391814 3.35218
0 -0.0981609 3.37357
0 -0.586063 3.32373
0 -1.06159 3.20369
0 -1.5147 3.01601
0 -1.93582 2.76464
0 -2.31607 2.45489
0 -2.6474 2.09329
0 -2.92284 1.6875
0 0.970571 3.62222
0 0.489473 3.71792
0 2.88658e-15 3.75
0 -0.489473 3.71792
0 -0.970571 3.62222
0 -1.43506 3.46455
0 -1.875 3.2476
0 -2.28286 2.97508
0 -2.65165 2.65165
0 -2.97508 2.28286
0 -3.2476 1.875
0 1.06763 3.98444
0 0.587049 4.08301
0 0.0981655 4.12383
0 -0.392106 4.10632
0 -0.876832 4.03073
0 -1.34916 3.89813
0 -1.8024 3.71039
0 -2.23014 3.47017
0 -2.62635 3.18087
0 -2.9854 2.84658
0 -3.30223 2.47202
0 -3.57235 2.0625
0 1.16469 4.34667
0 0.684555 4.44763
0 0.196287 4.49572
0 -0.294314 4.49037
0 -0.781417 4.43163
0 -1.25923 4.32022
0 -1.72208 4.15746
0 -2.16445 3.94527
0 -2.58109 3.68618
0 -2.96706 3.38328
0 -3.31775 3.04016
0 -3.629 2.66089
0 -3.89711 2.25
0 1.26174 4.70889
0 0.782005 4.81187
0 0.294345 4.86611
0 -0.196296 4.87105
0 -0.68495 4.82664
0 -1.16666 4.73334
0 -1.63656 4.59209
0 -2.08988 4.40432
0 -2.52202 4.17193
0 -2.92862 3.89728
0 -3.30555 3.58315
0 -3.64899 3.23272
0 -3.95547 2.84954
0 -4.22187 2.4375
0 1.3588 5.07111
0 0.879408 5.17582
0 0.392333 5.23532
0 -0.098169 5.24908
0 -0.587813 5.21699
0 -1.07232 5.13932
0 -1.54746 5.01676
0 -2.00909 4.85037
0 -2.45316 4.64161
0 -2.8758 4.3923
0 -3.27332 4.10462
0 -3.64225 3.78108
0 -3.97935 3.42451
0 -4.28169 3.03802
0 -4.54663 2.625
0 1.45586 5.43333
0 0.976771 5.53954
0 0.490251 5.6036
0 -1.77636e-15 5.625
0 -0.490251 5.6036
0 -0.976771 5.53954
0 -1.45586 5.43333
0 -1.92386 5.28577
0 -2.37723 5.09798
0 -2.8125 4.87139
0 -3.22637 4.60773
0 -3.61568 4.309
0 -3.97748 3.97748
0 -4.309 3.61568
0 -4.60773 3.22637
0 -4.87139 2.8125
0 1.55291 5.79555
0 1.0741 5.90308
0 0.588103 5.97111
0 0.0981704 5.9992
0 -0.392419 5.98715
0 -0.880383 5.93506
0 -1.36246 5.84326
0 -1.83542 5.71238
0 -2.2961 5.54328
0 -2.74142 5.3371
0 -3.16841 5.09521
0 -3.5742 4.81925
0 -3.95607 4.51104
0 -4.31149 4.17266
0 -4.63806 3.80636
0 -4.93361 3.4146
0 -5.19615 3
0 0 0
0 -0.32476 0.1875
0 -0.265165 -0.265165
0 -0.649519 0.375
0 -0.743584 -0.0978946
0 -0.53033 -0.53033
0 -0.974279 0.5625
0 -1.12072 0.0980502
0 -1.05715 -0.384773
0 -0.795495 -0.795495
0 -1.29904 0.75
0 -1.47118 0.292635
0 -1.48717 -0.195789
0 -1.34531 -0.663433
0 -1.06066 -1.06066
0 -1.6238 0.9375
0 -1.81111 0.485286
0 -1.875 -2.10942e-15
0 -1.81111 -0.485286
0 -1.6238 -0.9375
0 -1.32583 -1.32583
0 -1.94856 1.125
0 -2.14586 0.676588
0 -2.24144 0.1961
0 -2.23075 -0.293684
0 -2.11431 -0.769545
0 -1.89763 -1.20892
0 -1.59099 -1.59099
0 -2.27332 1.3125
0 -2.47769 0.866983
0 -2.59568 0.391236
0 -2.62316 -0.0981519
0 -2.55919 -0.584117
0 -2.40598 -1.04972
0 -2.16888 -1.47872
0 -1.85616 -1.85616
0 -2.59808 1.5
0 -2.80772 1.05675
0 -2.94236 0.585271
0 -2.99839 0.0981572
0 -2.97433 -0.391579
0 -2.87082 -0.870854
0 -2.69062 -1.32687
0 -2.43854 -1.74743
0 -2.12132 -2.12132
0 -2.92284 1.6875
0 -3.13655 1.24607
0 -3.28403 0.778329
0 -3.36216 0.294151
0 -3.36929 -0.196239
0 -3.30527 -0.682484
0 -3.17146 -1.15432
0 -2.97068 -1.60178
0 -2.70717 -2.01541
0 -2.38649 -2.38649
0 -3.2476 1.875
0 -3.46455 1.43506
0 -3.62222 0.970571
0 -3.71792 0.489473
0 -3.75 -4.21885e-15
0 -3.71792 -0.489473
0 -3.62222 -0.970571
0 -3.46455 -1.43506
0 -3.2476 -1.875
0 -2.97508 -2.28286
0 -2.65165 -2.65165
0 -3.57235 2.0625
0 -3.79195 1.62381
0 -3.95791 1.16215
0 -4.06789 0.684049
0 -4.12033 0.196275
0 -4.11449 -0.294274
0 -4.05046 -0.780661
0 -3.92913 -1.25601
0 -3.75223 -1.71359
0 -3.52226 -2.14693
0 -3.24247 -2.54991
0 -2.91682 -2.91682
0 -3.89711 2.25
0 -4.1189 1.81236
0 -4.29173 1.35318
0 -4.41353 0.877906
0 -4.48288 0.392201
0 -4.49893 -0.098167
0 -4.4615 -0.587368
0 -4.37104 -1.06959
0 -4.22862 -1.53909
0 -4.03593 -1.9903
0 -3.79526 -2.41785
0 -3.50948 -2.81666
0 -3.18198 -3.18198
0 -4.22187 2.4375
0 -4.44551 2.00076
0 -4.62412 1.54376
0 -4.75587 1.07111
0 -4.83946 0.587616
0 -4.87401 0.0981681
0 -4.85919 -0.392275
0 -4.79515 -0.878743
0 -4.68253 -1.35631
0 -4.52247 -1.82014
0 -4.3166 -2.26553
0 -4.067 -2.68796
0 -3.7762 -3.08317
0 -3.44715 -3.44715
0 -4.54663 2.625
0 -4.77185 2.18904
0 -4.95539 1.73397
0 -5.09563 1.26374
0 -5.19136 0.782472
0 -5.24174 0.29437
0 -5.24633 -0.196304
0 -5.20509 -0.685263
0 -5.11837 -1.16823
0 -4.98694 -1.641
0 -4.81195 -2.09943
0 -4.59492 -2.53952
0 -4.33775 -2.95743
0 -4.04269 -3.3495
0 -3.71231 -3.71231
0 -4.87139 2.8125
0 -5.09798 2.37723
0 -5.28577 1.92386
0 -5.43333 1.45586
0 -5.53954 0.976771
0 -5.6036 0.490251
0 -5.625 -1.77636e-15
0 -5.6036 -0.490251
0 -5.53954 -0.976771
0 -5.43333 -1.45586
0 -5.28577 -1.92386
0 -5.09798 -2.37723
0 -4.87139 -2.8125
0 -4.60773 -3.22637
0 -4.309 -3.61568
0 -3.97748 -3.97748
0 -5.19615 3
0 -5.42394 2.56533
0 -5.61544 2.1135
0 -5.76937 1.64753
0 -5.88471 1.17054
0 -5.96069 0.685722
0 -5.99679 0.196314
0 -5.99277 -0.294406
0 -5.94867 -0.783157
0 -5.86477 -1.26667
0 -5.74164 -1.74171
0 -5.5801 -2.2051
0 -5.38124 -2.65373
0 -5.14637 -3.08462
0 -4.87708 -3.49487
0 -4.57516 -3.88174
0 -4.24264 -4.24264
1 1 2 3 
1 2 4 5 
1 3 5 6 
1 4 7 8 
1 5 8 9 
1 6 9 10 
1 7 11 12 
1 8 12 13 
1 9 13 14 
1 10 14 15 
1 11 16 17 
1 12 17 18 
1 13 18 19 
1 14 19 20 
1 15 20 21 
1 16 22 23 
1 17 23 24 
1 18 24 25 
1 19 25 26 
1 20 26 27 
1 21 27 28 
1 22 29 30 
1 23 30 31 
1 24 31 32 
1 25 32 33 
1 26 33 34 
1 27 34 35 
1 28 35 36 
1 29 37 38 
1 30 38 39 
1 31 39 40 
1 32 40 41 
1 33 41 42 
1 34 42 43 
1 35 43 44 
1 36 44 45 
1 37 46 47 
1 38 47 48 
1 39 48 49 
1 40 49 50 
1 41 50 51 
1 42 51 52 
1 43 52 53 
1 44 53 54 
1 45 54 55 
1 46 56 57 
1 47 57 58 
1 48 58 59 
1 49 59 60 
1 50 60 61 
1 51 61 62 
1 52 62 63 
1 53 63 64 
1 54 64 65 
1 55 65 66 
1 56 67 68 
1 57 68 69 
1 58 69 70 
1 59 70 71 
1 60 71 72 
1 61 72 73 
1 62 73 74 
1 63 74 75 
1 64 75 76 
1 65 76 77 
1 66 77 78 
1 67 79 80 
1 68 80 81 
1 69 81 82 
1 70 82 83 
1 71 83 84 
1 72 84 85 
1 73 85 86 
1 74 86 87 
1 75 87 88 
1 76 88 89 
1 77 89 90 
1 78 90 91 
1 79 92 93 
1 80 93 94 
1 81 94 95 
1 82 95 96 
1 83 96 97 
1 84 97 98 
1 85 98 99 
1 86 99 100 
1 87 100 101 
1 88 101 102 
1 89 102 103 
1 90 103 104 
1 91 104 105 
1 92 106 107 
1 93 107 108 
1 94 108 109 
1 95 109 110 
1 96 110 111 
1 97 111 112 
1 98 112 113 
1 99 113 114 
1 100 114 115 
1 101 115 116 
1 102 116 117 
1 103 117 118 
1 104 118 119 
1 105 119 120 
1 106 121 122 
1 107 122 123 
1 108 123 124 
1 109 124 125 
1 110 125 126 
1 111 126 127 
1 112 127 128 
1 113 128 129 
1 114 129 130 
1 115 130 131 
1 116 131 132 
1 117 132 133 
1 118 133 134 
1 119 134 135 
1 120 135 136 
1 121 137 138 
1 122 138 139 
1 123 139 140 
1 124 140 141 
1 125 141 142 
1 126 142 143 
1 127 143 144 
1 128 144 145 
1 129 145 146 
1 130 146 147 
1 131 147 148 
1 132 148 149 
1 133 149 150 
1 134 150 151 
1 135 151 152 
1 136 152 153 
1 154 155 156 
1 155 157 158 
1 156 158 159 
1 157 160 161 
1 158 161 162 
1 159 162 163 
1 160 164 165 
1 161 165 166 
1 162 166 167 
1 163 167 168 
1 164 169 170 
1 165 170 171 
1 166 171 172 
1 167 172 173 
1 168 173 174 
1 169 175 176 
1 170 176 177 
1 171 177 178 
1 172 178 179 
1 173 179 180 
1 174 180 181 
1 175 182 183 
1 176 183 184 
1 177 184 185 
1 178 185 186 
1 179 186 187 
1 180 187 188 
1 181 188 189 
1 182 190 191 
1 183 191 192 
1 184 192 193 
1 185 193 194 
1 186 194 195 
1 187 195 196 
1 188 196 197 
1 189 197 198 
1 190 199 200 
1 191 200 201 
1 192 201 202 
1 193 202 203 
1 194 203 204 
1 195 204 205 
1 196 205 206 
1 197 206 207 
1 198 207 208 
1 199 209 210 
1 200 210 211 
1 201 211 212 
1 202 212 213 
1 203 213 214 
1 204 214 215 
1 205 215 216 
1 206 216 217 
1 207 217 218 
1 208 218 219 
1 209 220 221 
1 210 221 222 
1 211 222 223 
1 212 223 224 
1 213 224 225 
1 214 225 226 
1 215 226 227 
1 216 227 228 
1 217 228 229 
1 218 229 230 
1 219 230 231 
1 220 232 233 
1 221 233 234 
1 222 234 235 
1 223 235 236 
1 224 236 237 
1 225 237 238 
1 226 238 239 
1 227 239 240 
1 228 240 241 
1 229 241 242 
1 230 242 243 
1 231 243 244 
1 232 245 246 
1 233 246 247 
1 234 247 248 
1 235 248 249 
1 236 249 250 
1 237 250 251 
1 238 251 252 
1 239 252 253 
1 240 253 254 
1 241 254 255 
1 242 255 256 
1 243 256 257 
1 244 257 258 
1 245 259 260 
1 246 260 261 
1 247 261 262 
1 248 262 263 
1 249 263 264 
1 250 264 265 
1 251 265 266 
1 252 266 267 
1 253 267 268 
1 254 268 269 
1 255 269 270 
1 256 270 271 
1 257 271 272 
1 258 272 273 
1 259 274 275 
1 260 275 276 
1 261 276 277 
1 262 277 278 
1 263 278 279 
1 264 279 280 
1 265 280 281 
1 266 281 282 
1 267 282 283 
1 268 283 284 
1 269 284 285 
1 270 285 286 
1 271 286 287 
1 272 287 288 
1 273 288 289 
1 274 290 291 
1 275 291 292 
1 276 292 293 
1 277 293 294 
1 278 294 295 
1 279 295 296 
1 280 296 297 
1 281 297 298 
1 282 298 299 
1 283 299 300 
1 284 300 301 
1 285 301 302 
1 286 302 303 
1 287 303 304 
1 288 304 305 
1 289 305 306 
1 307 308 309 
1 308 310 311 
1 309 311 312 
1 310 313 314 
1 311 314 315 
1 312 315 316 
1 313 317 318 
1 314 318 319 
1 315 319 320 
1 316 320 321 
1 317 322 323 
1 318 323 324 
1 319 324 325 
1 320 325 326 
1 321 326 327 
1 322 328 329 
1 323 329 330 
1 324 330 331 
1 325 331 332 
1 326 332 333 
1 327 333 334 
1 328 335 336 
1 329 336 337 
1 330 337 338 
1 331 338 339 
1 332 339 340 
1 333 340 341 
1 334 341 342 
1 335 343 344 
1 336 344 345 
1 337 345 346 
1 338 346 347 
1 339 347 348 
1 340 348 349 
1 341 349 350 
1 342 350 351 
1 343 352 353 
1 344 353 354 
1 345 354 355 
1 346 355 356 
1 347 356 357 
1 348 357 358 
1 349 358 359 
1 350 359 360 
1 351 360 361 
1 352 362 363 
1 353 363 364 
1 354 364 365 
1 355 365 366 
1 356 366 367 
1 357 367 368 
1 358 368 369 
1 359 369 370 
1 360 370 371 
1 361 371 372 
1 362 373 374 
1 363 374 375 
1 364 375 376 
1 365 376 377 
1 366 377 378 
1 367 378 379 
1 368 379 380 
1 369 380 381 
1 370 381 382 
1 371 382 383 
1 372 383 384 
1 373 385 386 
1 374 386 387 
1 375 387 388 
1 376 388 389 
1 377 389 390 
1 378 390 391 
1 379 391 392 
1 380 392 393 
1 381 393 394 
1 382 394 395 
1 383 395 396 
1 384 396 397 
1 385 398 399 
1 386 399 400 
1 387 400 401 
1 388 401 402 
1 389 402 403 
1 390 403 404 
1 391 404 405 
1 392 405 406 
1 393 406 407 
1 394 407 408 
1 395 408 409 
1 396 409 410 
1 397 410 411 
1 398 412 413 
1 399 413 414 
1 400 414 415 
1 401 415 416 
1 402 416 417 
1 403 417 418 
1 404 418 419 
1 405 419 420 
1 406 420 421 
1 407 421 422 
1 408 422 423 
1 409 423 424 
1 410 424 425 
1 411 425 426 
1 412 427 428 
1 413 428 429 
1 414 429 430 
1 415 430 431 
1 416 431 432 
1 417 432 433 
1 418 433 434 
1 419 434 435 
1 420 435 436 
1 421 436 437 
1 422 437 438 
1 423 438 439 
1 424 439 440 
1 425 440 441 
1 426 441 442 
1 427 443 444 
1 428 444 445 
1 429 445 446 
1 430 446 447 
1 431 447 448 
1 432 448 449 
1 433 449 450 
1 434 450 451 
1 435 451 452 
1 436 452 453 
1 437 453 454 
1 438 454 455 
1 439 455 456 
1 440 456 457 
1 441 457 458 
1 442 458 459 
